  context  new tok  comp tok   done ms
     1246     2082       203     22283
     1247     3672       319     41037
     1247     2569       135     27031
     1247     2545       315     36465
     1247     2833       148     27949
     1247     2324       228     31046
     1333      697       113     10475
     2030     1774        97     16538
     3555     1049       196     17564
     3792      339        51      3224
     3823     1855       225     29543
     3931      977       183     17668
     4080     2610       311     38936
     4131      548        88      9165
     4824     1046       196     17905
     4919      343        51      3570
     4930      543        51      7600
     5121      977        74     11214
     5262     1678       311     31766
     5860      546        51      7797
     5927     1147       188     22485
     6090     1046       196     18950
     6098      977        74     11662
     6690     2138       177     28914
     6793      546        51      7892
     6940      335        51      3543
     7075      977        74     12142
     7275     1678       311     35406
     7356     1046       196     19776
     7726      546        51      8077
     8052      977        74     12521
     8622     1046       196     21025
     8659      546        51      9413
     8828     1175        77     15699
     8953      335        51      4032
     9029      977        74     12880
     9288     1678       311     40741
     9592      546        51      9156
     9888     1046       196     21739
    10003     1342        77     19234
    10006      977        74     13407
    10966      335        51      4141
    10983      977        74     13654
    11154     1046       196     23677
    11301     1678       311     41687
    11345     1342        77     22075
    11960      977        74     12871
    12420     1046       196     25082
    12687     1342        77     21248
    12937      977        74     13301
    12979      335        51      4293
    13314     1678       311     44905
    13686     1046       196     25404
    14029     1342        77     21751
    14952     1046       196     26217
    14992      335        51      4738
    15327     1678       311     49470
    15371     1342        77     22648
    16218     1046       196     27998
    16713     1342        77     23554
    17005      335        51      5061
    17340     1678       311     50035
    18055     1342        77     24518
    19018      335        51      5002
    19353     1678       311     52922
    19397     1342        77     25362
    20739     1342        77     26396
    21031      335        51      5168
    22081     1342        77     27131
    23423     1342        77     28085
    24765     1342        77     29082
    26107     1342        77     30343
    27449     1342        77     31137

{
  "rows_used": 73,
  "context_range": [
    1246,
    27449
  ],
  "model": "done_ms = a*new + b*new*ctx + c*completion + d*completion*ctx",
  "a_prompt_token_ms": 6.952,
  "b_prompt_token_ms_per_context_token": 0.00033114,
  "c_completion_token_ms": 42.697,
  "d_completion_token_ms_per_context_token": 0.00258593,
  "r_squared": 0.975,
  "prompt_token_ms_at_min_context": 7.36,
  "prompt_token_ms_at_max_context": 16.04,
  "completion_token_ms_at_min_context": 45.92,
  "completion_token_ms_at_max_context": 113.68,
  "prompt_multiple_across_range": 2.18,
  "completion_multiple_across_range": 2.48,
  "independent_cold_rate_from_probe_cache_ms": 5.96,
  "verdict": "context length has a measurable price: both a prompt token and a completion token cost more in a long transcript"
}

wrote runs/20260920T072921Z_context_cost/fit.json
